# Four distributions
# N's
N0 <- 1000
N1 <- 2000
N2 <- 1500
N3 <- 2000
Nv <- c(N0, N1, N2, N3)
# Betas
k10 <- 2 ; t10 <- 1/4000 
k11 <- 1.5; t11 <- 1/4000 
k12 <- 2; t12 <- 1/4500
k13 <- 4; t13 <- 1/8000 
k1v <- c(k10, k11, k12, k13)
t1v <- c(t10, t11, t12, t13)

# Gammas
k20 <- 40; t20 <- 1/200
k21 <- 50 ; t21 <- 1/200
k22 <- 15; t22 <- 1/50
k23 <- 30; t23 <- 1/300
k2v <- c(k20, k21, k22, k23)
t2v <- c(t20, t21, t22, t23)
